12.825
30.323
13.015
8.621
14.205
9.585
22.874
15.029
12.015
23.990
17.662
24.870
11.935
26.214
18.295
15.389
25.771
18.698
14.312
21.455
11.427
27.888
12.812
9.776
13.440
10.634
13.597
19.936
14.404
19.160
18.348
18.820
26.739
12.750
14.868
16.414
29.220
29.217
17.675
24.218
20.157
25.501
10.616
15.300
13.779
18.955
18.765
22.432
23.774
21.888
22.379
17.983
18.596
8.879
17.298
20.102
15.663
12.817
25.375
17.299
17.420
19.803
21.556
25.713
25.530
12.277
22.038
12.470
24.705
15.343
24.546
15.824
24.636
21.045
15.540
16.525
11.226
15.961
24.161
17.489
20.128
16.361
18.131
23.043
18.887
15.476
20.273
7.946
16.114
20.255
23.002
19.227
17.355
23.675
22.116
17.286
15.681
14.368
17.894
22.858
23.202
15.190
19.035
17.814
24.772
13.299
10.515
16.580
23.137
24.390
11.485
19.891
17.120
19.764
17.059
23.201
15.655
16.979
25.450
13.144
15.513
25.244
19.216
16.459
12.425
23.197
18.644
18.646
11.353
18.680
12.344
21.370
18.149
13.517
22.739
19.713
17.646
24.089
14.640
18.856
18.888
9.800
19.143
12.285
21.525
18.555
15.701
19.344
9.639
20.919
19.170
19.052
25.879
23.465
8.944
15.045
19.497
10.317
23.676
17.416
9.610
18.140
11.460
20.192
21.418
19.283
19.772
17.460
22.233
10.349
21.792
17.350
11.913
20.910
14.619
16.887
20.527
17.156
18.333
17.346
18.009
15.973
17.608
18.085
17.695
15.449
19.554
18.208
20.918
16.445
22.363
12.796
11.702
26.512
7.931
16.856
19.366
13.470
18.031
14.400
24.522
7.654
16.418
23.219
19.092
13.406
19.271
25.239
9.071
18.637
24.926
23.335
13.853
15.126
16.794
16.809
7.081
22.372
21.973
21.107
15.543
24.884
16.857
21.807
18.138
25.078
11.618
17.282
10.358
22.300
11.712
18.409
20.034
16.606
11.108
16.537
17.248
13.643
18.449
18.711
21.630
18.296
13.141
18.288
18.595
21.878
19.248
23.016
18.869
15.930
17.565
19.001
17.427
21.687
16.052
10.923
19.988
14.961
12.725
8.865
12.986
17.799
21.757
16.053
16.630
17.652
19.584
15.306
15.257
19.928
7.410
19.228
20.525
16.238
16.932
21.839
28.155
18.735
17.475
12.557
18.944
19.779
28.695
25.132
14.056
20.193
24.938
17.506
19.987
23.622
22.044
18.420
10.239
21.118
30.453
23.910
19.729
16.821
14.394
16.072
17.595
19.245
19.040
16.483
25.595
13.411
9.141
12.841
17.038
18.667
27.068
13.313
24.905
20.816
14.395
10.342
19.737
13.937
7.977
15.233
15.749
26.893
14.203
15.062
15.163
15.750
16.666
18.605
21.310
12.045
9.152
20.515
22.744
25.374
20.999
25.278
19.006
16.246
19.244
25.372
13.284
25.039
24.428
21.557
18.381
11.240
19.519
24.918
20.618
15.641
13.056
17.821
18.140
20.355
16.590
15.079
19.774
21.588
16.274
10.829
25.672
18.908
25.615
21.169
19.353
25.366
13.272
18.876
26.768
16.416
21.207
15.907
12.593
21.691
17.259
14.420
24.149
19.857
16.592
19.343
8.815
13.955
19.575
18.923
18.781
23.851
21.105
22.201
19.963
18.784
13.588
13.663
22.262
18.221
8.254
18.797
16.463
16.787
17.598
17.094
11.518
19.993
15.643
11.506
18.165
20.931
5.860
21.995
24.271
21.568
28.803
24.625
14.364
14.936
12.329
12.593
15.839
12.906
18.957
17.474
14.631
13.068
16.567
23.637
22.441
15.180
17.734
14.642
19.951
29.589
13.239
15.392
15.155
17.375
17.535
16.332
16.478
10.454
16.616
15.420
15.013
15.334
13.726
23.115
20.254
17.883
9.508
22.953
10.323
13.528
16.127
16.264
16.244
12.726
12.692
12.291
25.656
28.506
19.387
12.912
14.660
11.845
17.133
31.226
19.522
18.264
33.760
17.062
23.806
24.911
20.633
12.178
23.401
26.573
14.049
22.509
23.055
13.591
15.630
14.280
17.081
23.750
21.817
13.346
14.833
15.919
24.133
15.094
21.242
18.400
13.909
17.776
24.370
14.338
16.930
11.172
17.008
17.566
8.237
23.926
18.553
13.451
12.160
15.741
16.256
18.819
18.754
16.410
17.357
26.706
18.436
19.619
26.721
18.838
19.195
9.696
24.653
19.692
17.595
14.864
16.549
12.519
6.614
10.637
26.486
13.834
17.306
13.942
18.382
13.893
16.385
24.474
14.951
18.458
10.849
19.622
14.196
19.811
29.324
10.439
14.289
18.837
10.584
19.403
16.266
12.017
17.033
15.871
24.082
22.615
25.437
13.170
16.747
20.487
21.843
4.650
12.770
17.914
8.723
17.433
17.678
12.338
23.784
19.956
21.304
13.773
24.128
13.201
20.552
13.459
19.364
25.069
26.701
7.493
15.001
17.551
16.148
27.167
11.010
22.921
20.932
29.844
19.236
21.394
19.401
18.885
21.933
14.827
22.429
19.738
18.336
15.757
17.735
7.799
18.031
22.912
18.192
28.465
7.875
20.351
20.342
19.081
27.134
8.209
15.113
7.417
22.573
25.256
20.396
11.805
19.923
22.860
25.319
15.393
10.014
25.786
24.730
17.576
11.934
23.198
16.856
13.028
15.376
15.466
17.997
24.842
21.041
21.688
21.302
27.088
23.547
20.790
27.115
7.018
13.691
16.294
14.760
11.213
17.196
6.131
16.037
19.677
16.269
17.844
17.999
13.363
15.091
23.592
13.382
26.351
19.496
14.564
23.846
11.396
11.389
15.525
22.411
23.793
13.489
20.611
13.348
12.855
21.585
11.238
21.268
15.063
13.019
13.172
12.626
11.442
27.772
20.827
16.175
13.863
15.376
23.772
24.302
29.209
16.983
16.430
18.077
21.322
14.288
15.317
19.173
7.484
11.722
14.666
26.878
18.010
15.806
14.664
21.080
21.228
19.044
14.792
15.148
14.163
19.812
20.033
9.952
11.427
14.732
17.037
15.864
13.229
24.148
23.563
18.869
13.610
16.486
14.765
21.574
20.363
26.663
12.512
20.441
11.497
22.894
15.854
15.561
28.272
27.159
18.283
25.068
15.132
18.510
20.312
18.854
25.524
11.825
13.431
12.458
15.466
20.716
16.071
17.949
20.410
22.557
12.927
20.147
19.018
12.973
18.759
18.359
20.291
23.642
4.377
23.825
11.470
16.564
17.259
17.519
21.426
27.292
16.560
22.743
15.070
15.694
20.455
13.188
18.572
10.754
24.569
17.309
17.258
17.687
16.801
19.433
18.576
23.952
14.541
16.253
13.429
13.588
12.622
17.461
17.570
18.433
22.475
17.565
15.985
23.683
15.435
15.636
22.827
21.995
29.931
16.034
11.934
11.780
8.865
19.516
19.055
19.203
17.792
12.762
12.979
13.862
14.989
28.002
18.129
23.672
13.793
19.943
12.327
13.426
9.173
12.180
21.056
15.749
18.570
24.853
15.484
18.974
12.648
24.685
12.430
31.629
23.489
11.737
15.713
16.906
18.586
22.772
15.000
16.994
12.522
19.903
23.856
19.443
21.463
19.495
24.654
14.749
28.219
26.594
14.122
20.972
22.475
26.888
24.062
11.495
20.618
18.024
12.002
17.692
18.481
17.914
20.318
14.773
9.892
14.340
12.359
5.565
33.020
13.564
15.346
21.153
10.759
21.405
19.016
15.010
16.947
14.548
23.023
20.638
13.567
10.451
16.145
7.233
10.951
12.919
17.701
18.495
18.660
19.424
17.831
21.579
20.192
8.485
25.765
17.169
19.543
17.104
16.570
25.545
23.439
10.258
17.636
20.403
14.283
22.159
10.877
23.617
10.698
16.590
18.309
15.734
25.351
19.645
20.429
23.396
16.124
22.137
16.365
16.434
13.722
3.730
10.200
21.792
12.510
17.069
9.575
26.071
22.895
23.687
15.418
15.903
20.775
18.867
17.444
20.334
16.376
21.309
16.727
17.143
21.759
17.759
13.483
22.399
19.463
2.318
20.815
12.927
24.052
28.487
11.482
13.314
22.492
22.404
18.235
18.688
18.686
19.583
12.738
12.082
26.123
14.095
24.713
15.927
23.842
17.091
26.835
18.697
12.065
26.820
22.694
7.562
14.712
18.760
14.108
22.325
13.611
13.638
19.085
13.680
10.801
20.651
9.136
17.399
22.713
21.510
19.095
21.142
20.207
16.586
16.441
29.316
11.830
17.012
24.567
25.738
21.196
11.340
20.026
22.087
18.364
27.807
17.432
7.146
14.458
21.545
15.717
23.643
16.613
22.028
16.088
21.042
20.865
