89.846
77.721
96.785
82.183
75.242
82.925
88.861
96.641
81.954
82.594
87.701
95.276
99.189
81.905
93.778
72.373
87.959
83.410
82.903
82.230
90.129
92.861
80.895
83.139
78.064
94.965
89.722
90.540
87.525
72.321
86.434
92.211
87.719
82.003
88.258
82.275
77.523
95.520
90.433
88.992
94.500
87.675
92.005
62.887
88.924
82.737
86.059
84.024
77.013
88.849
96.935
85.722
83.763
91.458
85.802
87.664
88.683
83.965
72.436
109.135
86.890
88.498
95.268
80.382
80.205
90.798
82.311
83.187
91.553
97.021
93.445
93.477
89.030
93.023
78.903
100.155
82.806
80.843
83.433
79.583
76.158
84.702
62.566
86.442
80.697
87.076
88.487
89.365
89.323
91.971
95.676
93.752
105.460
91.209
89.296
94.711
86.997
90.236
92.239
91.235
72.862
87.134
88.812
95.148
90.033
86.263
93.628
85.215
80.989
80.890
86.820
95.523
81.167
103.101
83.775
82.976
83.670
77.065
99.992
85.040
79.920
86.398
83.338
88.657
83.329
78.610
79.364
80.789
88.187
91.981
92.749
79.059
95.036
91.932
85.206
87.762
85.987
92.259
83.700
91.653
81.075
83.667
87.245
86.688
80.921
90.522
66.787
101.801
87.418
91.868
82.670
101.054
93.565
84.335
81.903
85.104
84.773
74.930
84.824
101.897
91.907
92.066
90.201
86.170
80.341
91.219
93.122
90.579
84.192
92.000
84.819
77.197
85.162
92.884
79.054
81.529
62.851
86.479
85.523
98.147
90.223
85.509
80.840
85.057
75.477
83.025
101.006
96.462
95.873
84.997
84.628
94.486
92.135
85.069
77.445
90.461
88.977
86.244
86.701
75.425
97.674
85.335
98.994
101.419
77.316
63.783
85.594
83.409
91.797
89.284
96.344
84.829
71.580
80.367
89.844
96.379
87.881
84.466
75.129
94.637
80.317
93.257
73.667
84.428
85.256
77.142
93.160
86.566
84.220
87.715
82.899
75.926
84.445
77.262
84.536
87.253
81.379
84.844
87.673
95.644
77.201
79.787
80.118
103.821
86.524
92.747
89.227
85.861
96.411
91.556
80.969
88.290
104.571
99.109
81.015
84.092
87.935
87.776
85.142
98.318
91.936
81.599
82.636
87.795
92.112
79.001
93.765
95.309
89.850
83.457
96.573
90.532
72.873
85.480
79.856
74.866
81.053
74.829
75.370
86.340
87.326
93.321
98.633
89.763
84.225
88.167
93.873
96.186
74.681
91.447
91.028
93.859
82.800
84.886
98.714
77.682
83.149
81.015
84.698
78.787
72.439
87.839
79.038
94.515
82.979
81.655
93.517
92.106
67.078
80.211
98.958
86.945
107.804
80.972
94.157
96.970
83.757
78.243
71.809
89.909
76.209
87.389
80.423
72.414
71.239
74.897
85.758
96.152
79.030
99.417
85.408
92.778
79.050
73.158
78.575
77.536
79.066
77.197
89.071
98.569
92.613
77.837
86.087
88.280
93.708
89.161
87.154
93.423
65.212
89.371
90.387
102.039
84.856
77.983
95.091
82.156
92.058
92.777
87.801
96.482
83.913
83.487
81.365
73.322
72.591
74.422
101.528
86.415
92.248
94.930
102.685
85.975
88.806
83.254
86.806
75.940
75.921
86.110
90.292
84.827
79.682
89.975
90.375
95.809
90.382
81.757
77.397
90.353
92.919
79.949
93.328
104.137
95.796
81.192
85.326
84.552
78.906
99.815
88.694
103.068
89.081
88.916
94.159
82.729
88.545
83.603
94.854
78.462
77.469
100.554
73.717
86.909
82.977
99.200
101.831
95.154
72.001
68.253
75.761
95.945
89.626
81.506
85.469
87.838
91.259
81.288
81.199
75.662
89.928
85.858
86.473
115.806
89.158
84.235
91.965
77.735
84.078
87.726
81.012
84.804
69.433
89.948
78.514
66.427
84.575
79.540
85.627
83.400
74.109
84.869
100.768
79.264
103.863
83.512
80.770
101.625
109.664
84.087
89.403
96.932
83.950
90.784
87.635
76.352
93.973
91.399
77.562
91.338
67.200
78.560
89.258
82.719
93.317
85.374
95.512
87.122
93.364
100.687
100.810
72.076
76.591
89.437
80.571
87.225
98.545
95.821
92.962
88.665
98.837
91.997
93.672
86.965
94.301
94.706
95.905
93.797
97.228
69.258
89.783
77.931
86.473
90.456
99.236
85.955
85.234
78.147
95.120
82.664
73.464
95.614
72.971
90.667
79.307
93.781
89.875
71.100
75.941
90.025
95.504
93.729
93.099
91.825
68.436
84.364
78.759
92.649
91.565
94.130
79.679
91.408
84.179
98.279
92.142
89.049
107.493
100.093
74.299
79.223
88.848
94.425
94.324
84.812
97.728
78.255
78.721
100.011
90.462
75.563
94.464
85.880
79.357
100.802
94.641
86.738
91.954
89.589
77.492
75.061
97.929
75.141
75.979
84.956
88.655
94.110
93.231
87.359
69.063
88.602
89.028
72.740
99.057
85.620
71.410
92.975
98.438
69.219
87.090
79.143
82.331
78.825
95.914
86.062
92.414
84.041
82.468
90.988
74.798
88.419
100.070
84.129
92.046
92.362
89.637
88.511
83.677
88.692
87.658
88.546
86.127
79.633
95.779
80.566
103.812
83.234
95.975
93.086
99.234
103.094
85.600
86.710
80.199
98.518
84.413
91.378
79.179
80.838
85.249
103.922
69.986
81.115
99.528
98.593
94.013
77.600
97.758
95.393
84.856
86.403
88.628
86.752
89.773
100.610
86.746
85.347
63.847
84.910
88.032
80.079
89.791
76.075
108.249
72.864
85.020
91.364
88.182
83.164
80.311
93.598
80.994
79.497
85.599
88.873
91.941
93.881
75.136
93.743
104.121
85.107
77.308
89.858
97.950
88.519
91.896
79.460
85.836
80.551
78.725
81.293
93.507
83.783
84.679
85.803
91.318
104.021
93.630
97.744
74.956
88.703
86.202
94.070
102.013
77.682
83.253
76.018
87.209
89.575
89.386
92.448
68.076
91.062
78.548
84.541
83.299
84.613
97.740
86.186
85.310
72.958
76.639
101.952
90.481
88.085
87.575
96.557
67.358
86.328
70.725
81.330
82.126
81.833
83.371
77.290
86.399
75.706
94.769
98.163
78.607
76.247
76.397
91.069
95.305
92.151
86.869
86.926
92.902
95.206
96.160
81.893
83.132
95.750
88.116
85.561
100.509
86.458
99.440
89.213
86.882
77.661
74.807
76.548
90.418
94.067
89.880
81.587
98.195
93.377
92.312
77.810
89.154
78.882
98.095
91.004
82.880
90.874
90.311
95.344
93.010
102.241
96.809
75.224
91.255
89.051
84.587
69.987
80.422
89.719
74.842
100.493
86.179
69.302
81.578
92.231
91.115
83.717
89.767
81.766
72.161
79.254
91.999
78.299
82.164
88.421
88.396
92.664
90.062
86.427
104.874
81.434
90.615
86.321
81.583
86.690
88.338
92.254
94.253
90.300
81.633
92.704
93.036
87.488
88.245
79.494
95.976
99.525
85.978
81.300
80.715
87.028
79.210
99.320
90.090
106.255
84.009
91.035
86.579
78.602
81.356
85.561
73.794
84.965
95.233
84.832
92.046
88.330
71.852
68.669
92.710
80.987
84.387
85.485
93.625
99.827
89.115
82.530
97.079
87.470
81.965
93.758
80.204
74.366
81.384
84.213
82.017
93.512
85.141
72.823
87.090
84.504
87.335
71.437
90.308
87.355
85.391
70.954
73.390
88.138
92.785
102.985
101.624
87.111
86.738
85.808
85.781
79.392
102.353
95.781
80.239
84.119
81.222
89.551
84.390
88.186
88.323
88.914
86.491
84.265
85.321
78.502
82.947
89.253
93.636
93.648
79.265
81.073
93.318
95.209
81.269
92.932
94.787
80.708
82.426
85.006
95.533
90.248
72.304
92.155
95.630
92.248
86.987
82.473
94.641
83.740
80.700
78.777
101.384
101.500
88.170
98.691
83.080
72.233
80.012
86.234
97.821
90.952
67.376
82.851
80.848
95.844
83.470
86.028
88.823
102.556
97.831
94.275
104.302
100.127
90.855
85.139
91.831
84.866
81.984
100.802
85.609
90.178
94.930
84.488
91.087
88.036
93.070
67.667
93.982
90.045
95.980
88.166
87.847
78.062
90.623
79.299
74.747
70.864
87.917
76.360
78.089
95.955
100.733
77.562
83.734
91.365
85.026
86.010
97.839
89.506
85.168
92.440
101.114
93.604
79.152
75.826
98.148
81.280
78.485
95.264
89.113
84.062
81.713
84.427
81.548
88.655
85.166
90.442
94.932
86.333
78.474
91.486
97.558
84.212
92.768
102.580
88.779
90.328
101.757
85.244
82.701
104.475
86.718
93.316
76.615
84.714
83.516
77.555
