69.241
60.715
48.139
56.934
59.461
62.880
58.445
69.380
41.998
56.502
52.312
59.896
68.841
73.534
52.946
48.877
68.826
62.562
47.775
51.243
71.362
62.434
60.068
48.553
53.944
41.278
63.534
70.009
58.988
50.771
51.886
70.036
51.987
58.916
55.122
42.810
52.063
47.135
57.550
46.791
41.452
60.204
60.450
55.082
42.499
50.798
51.343
61.387
64.910
78.735
45.882
50.267
52.981
67.018
57.946
54.848
66.137
49.114
63.211
65.917
63.652
60.275
59.059
52.900
56.373
56.165
57.073
57.263
63.219
33.033
63.407
69.772
47.265
71.228
69.508
58.490
45.424
44.648
54.844
62.875
67.058
51.710
51.848
64.935
68.567
49.198
50.133
52.535
62.629
61.039
64.667
53.823
62.868
55.439
68.017
77.290
62.544
52.037
55.401
52.506
66.303
68.674
68.447
65.675
54.000
43.362
42.921
71.103
50.262
51.799
67.461
43.643
52.328
56.473
57.926
50.915
57.050
76.230
51.267
65.847
59.718
48.772
61.075
51.763
64.129
61.715
57.177
54.477
64.132
50.802
52.151
45.357
52.910
49.737
57.671
59.240
44.520
72.252
58.133
49.768
35.915
62.411
51.632
59.408
56.023
59.081
54.859
50.789
64.671
70.655
45.681
65.829
43.027
56.327
56.964
58.636
57.347
70.894
54.980
61.437
55.493
53.915
58.779
55.237
74.434
48.565
36.514
55.164
58.905
57.825
56.116
56.772
53.992
59.099
71.880
44.859
54.478
56.144
60.619
66.334
63.888
55.484
65.379
49.646
67.401
61.506
54.004
48.445
74.621
62.999
70.515
59.156
56.042
48.914
69.519
59.987
57.918
45.137
42.946
52.181
57.218
50.880
47.633
68.749
65.398
60.040
52.565
39.918
51.040
57.894
67.900
57.968
51.358
50.692
44.740
57.664
37.959
58.920
55.768
55.282
54.075
68.456
48.063
42.090
50.590
51.098
70.846
63.429
51.559
59.237
70.297
50.251
64.075
79.004
61.867
77.250
63.423
70.219
55.396
59.400
64.101
69.807
62.430
47.100
53.949
60.653
59.856
62.003
52.885
42.227
55.691
55.218
63.514
54.156
56.507
53.301
59.592
49.112
57.103
43.695
67.066
72.643
36.215
61.916
61.595
59.505
41.337
52.172
46.335
59.045
56.416
66.023
53.905
55.103
57.023
37.109
55.100
61.526
54.011
63.449
46.123
61.889
52.731
64.654
57.276
57.210
60.791
51.694
57.548
71.009
50.898
51.171
62.723
56.521
63.047
56.712
38.558
45.865
57.540
44.651
52.124
55.371
55.859
62.924
65.243
69.972
55.210
60.895
54.306
47.655
70.405
61.164
45.222
53.229
66.146
49.443
48.876
62.474
69.920
54.253
59.407
45.379
42.223
52.627
70.546
61.833
64.931
44.670
55.236
63.933
60.686
51.408
49.472
79.722
63.276
37.526
42.665
63.605
62.959
53.199
56.898
65.167
66.232
53.671
45.266
62.374
64.804
38.210
53.984
58.895
42.755
69.483
60.694
62.826
64.489
60.607
57.228
45.875
65.141
54.662
64.402
58.070
41.141
60.246
65.323
54.783
50.046
66.019
49.513
52.283
60.325
47.241
48.354
55.640
56.881
56.214
56.283
55.202
55.092
59.406
53.070
46.017
63.388
52.477
56.030
52.977
69.273
62.837
49.162
62.341
71.704
58.732
53.936
69.635
68.114
30.845
50.839
63.894
63.973
56.829
42.368
62.213
53.681
48.107
47.371
53.082
50.945
63.757
58.834
53.735
67.914
50.335
59.337
70.949
48.663
45.139
65.793
58.008
46.367
45.699
50.375
49.506
39.978
61.599
59.900
34.898
57.183
50.942
48.978
49.446
42.718
43.534
57.676
66.016
65.173
48.586
51.975
45.542
45.447
57.483
58.586
45.855
43.126
57.682
57.893
65.225
63.222
52.617
49.730
58.845
57.110
76.322
65.163
52.289
61.572
56.484
47.286
62.749
62.749
52.320
60.101
58.625
68.685
50.001
43.521
56.948
64.784
49.374
63.517
66.167
53.403
54.508
46.407
52.549
51.954
58.560
56.631
57.936
53.776
70.618
65.103
60.346
67.615
54.118
61.969
46.841
69.963
64.403
52.361
55.214
57.580
55.909
41.047
46.945
60.106
68.271
55.714
57.024
44.924
62.010
53.361
62.837
68.004
61.197
64.846
60.424
71.439
49.806
62.269
52.396
52.394
62.102
65.615
58.061
51.658
55.156
52.241
57.588
49.140
43.001
67.334
49.059
55.486
62.127
43.880
56.879
62.339
51.444
60.087
58.071
59.160
62.143
51.134
57.484
62.940
56.171
59.171
58.238
71.824
65.123
60.809
71.602
59.567
61.502
63.019
62.214
59.890
57.769
50.766
49.847
48.826
55.371
53.800
59.189
52.415
56.528
55.078
60.055
50.849
53.075
67.941
57.558
65.374
65.803
60.536
46.210
50.881
56.368
55.794
60.746
45.939
69.950
50.890
51.978
53.356
59.160
65.861
67.668
57.171
59.806
74.551
53.297
47.219
54.787
58.360
62.350
63.374
60.850
58.524
54.718
57.280
65.368
52.831
59.093
61.370
51.008
59.374
68.123
53.718
61.028
48.250
72.632
53.277
59.721
57.826
68.492
59.031
62.322
67.880
62.523
46.800
51.321
55.226
56.333
55.254
60.800
57.614
57.928
48.017
55.252
51.674
53.775
57.024
50.670
66.184
60.232
54.132
65.949
56.218
75.699
55.832
60.147
53.452
53.905
69.203
62.085
71.542
57.630
52.452
56.220
61.184
60.486
42.351
63.151
68.558
54.916
60.757
49.875
62.197
57.111
52.743
56.288
47.277
64.655
44.315
59.723
48.919
56.627
63.652
60.905
73.249
50.623
51.558
62.356
60.511
51.502
51.798
61.627
65.152
63.657
60.958
64.146
64.592
68.633
60.670
49.173
54.498
50.513
63.627
52.154
60.264
64.423
57.117
54.437
45.968
61.536
63.269
43.887
50.034
55.885
73.345
62.219
45.738
53.060
48.630
48.020
53.633
57.174
60.367
45.968
65.795
49.390
55.828
61.628
52.745
53.663
55.345
68.407
53.470
66.657
58.681
57.507
44.728
40.912
49.930
56.555
61.182
58.841
57.350
51.115
61.820
56.552
64.427
52.643
68.503
60.509
66.525
70.616
69.952
49.980
54.918
63.470
53.839
66.005
53.717
54.176
56.010
61.189
71.569
74.764
56.192
44.303
55.044
54.243
54.122
57.919
50.434
47.413
47.947
53.780
56.693
49.707
51.007
45.406
55.705
63.774
62.783
46.906
44.720
65.438
53.932
57.130
67.230
47.858
57.412
60.418
53.451
55.718
55.577
52.191
54.644
65.657
57.024
45.016
47.102
57.845
64.804
57.965
54.126
60.038
50.258
50.500
53.769
45.502
46.439
50.839
60.152
54.996
62.464
56.592
63.173
59.150
57.362
59.632
61.288
62.116
67.155
64.327
53.712
57.032
59.193
52.630
59.552
57.945
50.534
58.435
54.945
48.733
61.849
56.352
58.662
58.498
55.828
36.594
50.824
59.637
55.616
70.944
49.259
67.123
45.646
57.939
70.367
57.561
54.071
52.972
54.477
60.514
65.713
67.178
60.520
43.943
46.401
65.833
65.672
70.437
61.334
64.267
57.877
45.706
62.089
59.906
52.573
65.403
54.745
46.445
58.847
58.822
52.712
49.525
51.234
60.046
44.001
54.932
46.843
53.030
49.419
60.522
65.521
55.390
60.936
57.139
57.594
52.834
54.038
73.229
63.598
51.975
61.872
67.257
65.318
59.324
50.061
57.295
61.604
55.742
60.248
53.521
63.829
54.134
57.549
54.578
55.809
69.589
56.651
58.653
67.753
53.479
52.584
67.580
70.520
64.313
52.030
62.463
61.567
51.423
53.673
56.767
55.572
57.494
60.221
53.990
56.222
54.596
67.599
63.413
52.721
55.716
68.497
57.174
57.774
60.055
48.505
58.691
55.552
58.321
72.465
62.754
53.603
46.053
42.904
51.693
57.785
57.016
51.924
66.625
54.703
49.422
43.157
58.819
50.940
47.335
73.316
54.375
59.232
52.636
63.776
62.332
56.181
64.493
51.048
62.470
44.045
56.122
55.902
49.526
54.083
52.359
42.116
51.450
60.115
69.008
57.424
59.943
55.959
61.349
52.065
53.768
37.440
57.037
57.554
66.112
60.701
60.989
66.098
60.437
53.346
67.079
59.890
66.057
56.909
57.021
57.921
61.694
50.819
55.611
63.045
55.600
57.447
54.729
61.400
56.817
60.157
57.591
58.953
53.610
52.894
51.845
67.380
57.038
52.785
60.144
56.615
45.750
34.785
48.006
64.643
46.766
57.339
47.589
