57.405
50.006
60.752
61.726
53.121
67.145
67.135
59.774
61.964
61.048
58.880
64.355
56.470
73.099
59.182
60.684
66.401
60.356
59.426
55.006
61.766
51.983
64.286
69.741
55.849
65.148
67.524
50.438
51.354
63.427
57.601
64.140
64.894
64.271
67.741
64.012
67.145
52.785
59.881
59.060
50.375
61.544
53.661
68.491
55.169
63.172
61.316
54.469
46.976
59.645
53.936
63.687
63.046
70.155
63.548
56.138
62.282
53.945
59.883
59.711
60.000
58.093
66.570
48.756
62.569
65.374
64.386
63.467
60.242
104.063
103.413
98.466
97.735
98.225
91.149
98.596
100.711
101.889
108.661
97.894
103.739
104.794
105.645
94.047
101.272
101.427
93.953
95.548
106.494
99.211
102.339
100.528
96.187
96.643
102.662
94.301
104.687
103.414
95.070
98.406
92.873
86.786
105.918
96.888
101.964
101.404
100.129
93.976
94.317
97.753
92.885
93.665
108.835
100.334
92.696
99.753
93.230
91.904
98.433
105.721
100.772
103.939
92.993
97.236
98.425
92.721
92.083
105.587
100.067
96.129
