21.954
31.709
11.940
26.092
13.892
31.715
26.262
49.988
18.064
23.217
24.422
23.659
43.163
22.963
30.340
38.507
36.039
30.968
26.016
9.887
21.558
29.806
26.308
31.078
30.911
26.581
48.308
40.572
27.421
21.817
42.807
17.506
29.500
34.602
10.182
25.952
29.357
16.372
32.307
34.257
25.620
25.938
34.410
34.213
20.689
20.260
42.194
23.983
28.723
11.007
21.541
32.478
23.430
27.293
39.806
12.505
33.561
21.090
29.543
8.759
18.675
19.728
26.536
29.472
42.142
32.348
46.171
18.700
29.514
36.137
13.243
11.905
30.018
30.276
22.080
31.222
31.658
10.804
31.698
25.620
34.449
17.374
21.109
42.921
18.801
23.772
25.603
22.945
33.795
26.464
23.701
41.510
26.213
29.089
24.336
27.846
40.700
21.596
38.546
36.459
22.705
26.308
23.836
36.176
25.612
20.810
37.005
22.902
39.387
-0.049
17.898
27.887
30.162
30.562
2.487
32.425
26.471
26.349
43.463
27.667
27.445
26.655
33.173
22.656
31.623
24.872
38.238
33.861
33.214
45.820
45.167
35.094
24.508
28.309
32.240
23.908
23.023
22.343
23.927
11.785
9.702
23.061
30.432
12.843
14.928
40.546
14.507
16.933
11.201
27.394
14.842
30.581
27.769
43.528
31.217
34.280
19.876
29.808
15.873
33.275
28.404
24.955
18.511
29.382
10.225
31.216
17.869
34.025
21.187
28.343
18.247
32.652
28.948
30.134
24.628
27.808
38.657
36.299
24.611
21.308
33.049
12.446
25.694
17.244
22.342
21.029
23.682
28.510
13.545
44.453
39.199
25.424
47.914
30.317
17.363
32.847
35.039
41.100
32.339
29.947
14.247
27.817
28.484
46.915
28.631
23.563
39.512
29.164
22.126
37.334
34.915
30.761
16.399
22.244
37.092
20.667
31.907
44.672
33.860
25.660
31.123
17.363
15.465
25.136
35.929
34.847
20.744
25.942
25.818
16.828
48.620
9.907
18.907
30.513
24.011
26.997
24.584
24.020
9.339
23.286
35.910
18.471
52.383
22.309
24.292
28.341
13.143
31.998
23.130
26.133
40.605
25.459
25.934
25.619
42.190
33.787
18.291
37.948
5.170
44.329
25.125
21.223
10.637
28.834
19.093
36.481
28.531
28.051
15.933
28.506
45.939
19.580
25.619
30.581
42.549
28.714
24.923
36.539
21.759
39.175
37.531
28.266
18.685
50.182
19.026
11.117
21.169
12.853
36.772
22.652
17.227
38.782
27.392
40.366
17.084
42.785
28.531
23.301
41.988
29.256
21.362
34.219
16.168
45.798
18.662
13.196
19.791
14.742
20.075
31.485
21.527
30.088
28.626
29.476
43.731
18.549
22.363
25.145
48.196
48.191
27.416
39.193
31.883
41.502
14.709
23.141
20.402
29.719
29.377
35.977
38.393
34.998
35.882
27.970
29.073
11.581
26.736
31.784
23.794
18.671
41.276
26.737
26.957
31.245
34.401
41.883
41.554
17.699
35.269
18.047
40.068
23.217
39.783
24.084
39.945
33.481
23.573
25.345
15.807
24.331
39.091
27.080
31.830
25.049
28.235
37.078
29.597
23.457
32.092
9.902
24.606
32.060
37.004
30.208
26.839
38.216
35.408
26.715
23.827
21.463
27.809
36.745
37.364
22.942
29.863
27.665
40.189
19.538
14.527
25.443
37.247
39.502
16.274
31.404
26.417
31.175
26.306
59.361
45.779
48.162
63.411
41.259
45.523
63.039
52.189
47.226
39.965
59.355
51.160
51.162
38.036
51.224
39.819
56.067
50.268
41.931
58.530
53.083
49.363
60.960
43.952
51.541
51.598
35.239
52.058
39.713
56.345
50.999
45.862
52.419
34.950
55.255
52.106
51.894
64.182
59.838
33.700
44.680
52.694
36.171
60.216
48.949
34.898
50.252
38.227
53.945
56.152
52.309
53.190
49.029
57.620
36.229
56.825
48.829
39.043
55.238
43.913
47.997
54.548
48.480
50.599
48.823
50.016
46.351
49.295
50.152
49.451
45.408
52.797
50.374
55.252
47.201
57.853
40.633
38.664
65.321
31.875
47.941
52.459
41.846
50.056
43.520
61.740
31.376
47.152
59.394
51.965
41.731
52.288
63.029
33.928
51.147
62.466
59.602
42.535
44.826
47.829
47.857
30.346
57.869
57.151
55.592
45.577
62.392
47.942
56.853
50.248
62.740
38.512
48.707
36.245
57.740
38.681
50.736
53.661
47.491
37.595
47.366
48.647
42.157
50.809
51.280
56.535
50.533
41.253
50.519
51.070
56.981
52.246
59.029
51.564
46.274
49.217
51.801
48.968
56.636
46.493
37.262
53.579
44.530
40.504
33.556
40.975
49.639
56.763
46.496
47.534
49.373
52.852
45.151
45.063
53.470
30.939
52.211
54.545
46.828
48.078
56.911
68.278
51.323
49.055
40.203
51.699
53.202
69.251
62.837
42.901
53.947
62.488
49.111
53.576
60.120
57.279
50.755
36.030
55.613
72.416
60.638
53.112
47.878
43.510
46.530
49.271
52.241
51.872
47.270
63.671
41.741
34.054
40.715
48.269
51.201
66.322
41.563
62.429
55.069
43.511
36.216
53.127
42.687
31.959
45.020
45.948
66.007
43.165
44.712
44.893
45.951
47.598
51.089
55.958
39.281
34.074
54.527
58.539
63.274
55.398
63.101
51.811
46.843
52.239
63.270
41.512
62.669
61.571
56.403
50.685
37.832
52.734
62.452
54.712
45.753
41.100
49.677
50.252
54.239
47.462
44.741
53.192
56.458
46.893
37.092
63.809
51.635
63.708
55.705
52.435
63.259
41.490
51.577
65.782
47.148
55.773
46.233
40.268
56.644
48.666
43.555
61.068
53.343
47.466
52.417
33.466
42.718
52.834
51.661
51.406
60.531
55.589
57.561
53.533
51.410
42.059
42.193
57.672
50.398
32.458
51.434
47.233
47.817
49.277
48.369
38.332
53.587
45.758
38.312
50.296
55.275
28.148
57.191
61.288
56.423
69.446
61.925
43.456
44.486
39.791
40.267
46.110
40.832
51.723
49.053
43.937
41.122
47.420
60.146
57.994
44.923
49.522
43.955
53.513
70.861
41.430
45.306
44.878
48.874
49.163
46.998
47.261
36.418
47.508
45.356
44.624
45.200
42.307
59.208
54.057
49.790
34.715
58.915
36.181
41.951
46.629
46.875
46.839
40.506
40.446
39.724
63.781
68.911
52.497
40.842
43.987
38.921
48.439
73.806
52.740
50.475
78.368
48.312
60.451
62.440
54.739
39.520
59.721
65.432
42.888
58.117
59.099
42.064
45.734
43.304
48.346
60.350
56.871
41.623
44.299
46.254
61.040
44.769
55.835
50.720
42.636
49.596
61.467
43.408
48.073
37.709
48.214
49.219
32.426
60.667
50.996
41.812
39.488
45.934
46.860
51.474
51.358
47.138
48.842
65.671
50.785
52.914
65.697
51.508
52.151
35.052
61.975
53.046
49.270
44.355
47.388
40.133
29.505
36.746
65.274
42.501
48.751
42.695
50.687
42.607
47.094
61.652
44.512
50.825
37.127
52.919
43.153
53.259
70.383
36.389
43.321
51.506
36.651
52.525
46.879
39.230
48.259
46.168
60.948
58.308
63.386
41.305
47.744
54.477
56.918
25.970
40.586
49.846
33.301
48.979
49.420
39.808
60.412
53.522
55.948
42.391
61.031
41.362
54.593
41.826
52.454
62.724
65.662
31.087
44.602
49.192
46.666
66.500
37.419
58.857
55.277
71.318
52.226
56.109
52.522
51.594
57.080
44.289
57.972
53.128
50.605
45.962
49.523
31.638
50.057
58.842
50.345
68.836
31.776
54.232
54.215
51.945
66.441
32.376
44.803
30.951
58.231
63.061
54.313
38.849
53.462
58.748
63.174
45.307
35.626
64.015
62.114
49.236
39.082
59.356
47.941
41.051
45.277
45.440
49.994
62.316
55.474
56.638
55.944
66.359
59.985
55.023
66.408
30.233
42.245
46.929
44.168
37.783
48.553
28.635
46.467
53.019
46.884
49.719
49.998
41.653
44.764
60.065
41.688
65.031
52.692
43.815
60.523
38.114
38.101
45.544
57.940
60.427
41.879
54.700
41.627
40.739
56.452
37.829
55.883
44.714
41.034
41.310
40.327
38.196
67.589
55.089
46.716
42.553
45.276
60.389
61.344
70.176
48.169
47.173
50.139
55.980
43.319
45.170
52.112
31.072
38.700
44.000
65.980
50.017
46.051
43.995
55.545
55.810
51.878
44.225
44.866
43.094
53.261
53.660
35.514
38.169
44.117
48.267
46.155
41.412
61.066
60.014
51.565
42.098
47.276
44.177
56.433
54.253
65.594
40.122
54.394
38.295
