4.020100502512563012e-01
4.299538157026611129e-01
4.363592699327569768e-01
4.362017804154302847e-01
4.687646782527007949e-01
4.167461832061068461e-01
4.129342821264126995e-01
4.231891103548857669e-01
4.595890410958904382e-01
5.955598455598455354e-01
4.688511326860841377e-01
4.224974891195178994e-01
4.111764705882353099e-01
4.307561597281223675e-01
5.019441498762813314e-01
4.430912311780336732e-01
4.110280751363361018e-01
3.784510577267837794e-01
3.875151305550751935e-01
5.217637083097795836e-01
4.868913857677902857e-01
5.444862155388471292e-01
4.477771826459560622e-01
3.907887479316050627e-01
5.837765957446808818e-01
4.239881539980256409e-01
4.052948773138183580e-01
4.381443298969072142e-01
4.172301527673428767e-01
5.061280072628234761e-01
3.980541455160744313e-01
3.755508718145238456e-01
4.010245901639344357e-01
4.460492778249787738e-01
5.338624338624338161e-01
3.899302528334786522e-01
3.603415559772296106e-01
3.881608676005422476e-01
4.286675639300134844e-01
5.425072046109510326e-01
4.568544448062520358e-01
4.068071312803889783e-01
4.276169265033407663e-01
4.735364875701684184e-01
5.771388499298737429e-01
4.199434592649704534e-01
3.992024811696943121e-01
4.459459459459459429e-01
4.293193717277486998e-01
4.863547758284600397e-01
4.042787825319805739e-01
4.672057502246181326e-01
4.852941176470588203e-01
4.477356878382227068e-01
5.947368421052631193e-01
4.531299650460756112e-01
4.243022272342825141e-01
4.620187304890738811e-01
4.141240157480314821e-01
4.196904339000253614e-01
5.076731646619659921e-01
4.290263876251137476e-01
4.475138121546961556e-01
5.182281458251666306e-01
5.294117647058823595e-01
4.772651842017922585e-01
4.169374880519977067e-01
4.266778876499053297e-01
4.000000000000000222e-01
4.153360930415927466e-01
5.051270619705751086e-01
4.144651364226937806e-01
4.122091867170411539e-01
4.488813367318040259e-01
5.038527397260273988e-01
5.759124087591240837e-01
4.414864115363283381e-01
4.148296593186373005e-01
4.409711684370257734e-01
4.699322978892871427e-01
5.349397590361445465e-01
4.464285714285714524e-01
4.296703296703296426e-01
3.776713968199692517e-01
3.632561132561132333e-01
5.099960799686397150e-01
3.760278304870335320e-01
3.687779318847280163e-01
4.385673624288424777e-01
4.378437843784378503e-01
4.692671394799054485e-01
3.796142334552710107e-01
3.926619828259172440e-01
4.005072181037846457e-01
3.872469998208848407e-01
4.678171641791044610e-01
5.581807442409922881e-01
4.542611415168100186e-01
4.328506248760166653e-01
3.807927717866511075e-01
3.846533026618468853e-01
5.005789270551910253e-01
4.464046449307726427e-01
4.584717607973421982e-01
4.221869328493648155e-01
4.307083150021997486e-01
4.589620905410379259e-01
3.837401737691352732e-01
3.823018080667593965e-01
3.732886688027963751e-01
4.161874334398296127e-01
4.565130260521041983e-01
3.554385964912280538e-01
3.688610240334378454e-01
3.839983545865898740e-01
4.124602091859936315e-01
5.030257186081694698e-01
3.914259086672879917e-01
3.707638761677963246e-01
4.131677018633540532e-01
4.170500676589986577e-01
5.258007117437721867e-01
4.317596566523604906e-01
3.926042486231313688e-01
3.892398614224577003e-01
4.294722092480149356e-01
4.620877252635158250e-01
3.784588441330998254e-01
3.780647576268014176e-01
4.031007751937984440e-01
4.065408805031446304e-01
4.405708937763219701e-01
4.000334336342360464e-01
4.022754977651361030e-01
3.635719347980155836e-01
3.682959945689069925e-01
5.401220084467386329e-01
4.300096805421103618e-01
4.175427069645203937e-01
4.154424937298459297e-01
4.346497414198401410e-01
4.876441515650741243e-01
4.147555555555555440e-01
4.348181446669391326e-01
4.304096075487883200e-01
4.129138391939132235e-01
4.818840579710144678e-01
4.163397578031724500e-01
4.122023809523809312e-01
4.049710024855012191e-01
4.334424966287805936e-01
4.975728155339805836e-01
4.027606605866403955e-01
3.815251929187471469e-01
4.054261581776298917e-01
4.296473810338924948e-01
4.492553778268064124e-01
3.851732473811442237e-01
4.048985840030616123e-01
4.011815252416756072e-01
4.210753616929389098e-01
5.549193128578865375e-01
4.843512610148890674e-01
4.894475481067659950e-01
4.817460317460317554e-01
4.926404325623310321e-01
5.051389417586600317e-01
4.054054054054054279e-01
3.924004384362440589e-01
4.055125917112829548e-01
4.271081467365411832e-01
4.751869476546566884e-01
3.800655285394033411e-01
3.345284489477786671e-01
3.454854552323384786e-01
4.046681664791901278e-01
5.292061907139291588e-01
4.702093397745571446e-01
4.440688383527965355e-01
4.142381348875936453e-01
4.351620947630922553e-01
4.578254509995124399e-01
4.103507480990924439e-01
4.109408033826638662e-01
4.051167411823149433e-01
3.982489856929318783e-01
4.946783896344285059e-01
