5.849834983498349850e-01
4.946783896344285059e-01
6.539325842696629421e-01
6.212121212121212155e-01
5.168685121107265967e-01
5.036000000000000476e-01
4.859680284191829625e-01
9.120879120879120672e-01
6.723259762308998466e-01
6.588785046728972139e-01
6.234866828087166635e-01
5.919243986254295598e-01
5.696040868454661510e-01
5.568378534333525698e-01
7.340720221606648055e-01
6.563467492260062208e-01
5.442105263157894779e-01
5.338199513381994832e-01
5.086348684210526550e-01
8.244274809160305750e-01
6.765578635014837250e-01
5.331680099194048283e-01
6.103500761035007827e-01
4.873493975903614439e-01
4.687646782527007949e-01
8.200692041522491538e-01
8.142076502732240595e-01
6.998468606431853534e-01
6.174168297455968624e-01
5.903814262023217019e-01
5.699999999999999512e-01
5.276162790697674909e-01
8.000000000000000444e-01
5.480769230769231282e-01
5.157520325203251987e-01
5.092336103416436055e-01
4.674033149171270551e-01
6.482269503546099765e-01
6.362451108213820206e-01
5.807142857142857384e-01
6.680672268907562605e-01
5.858747993579453972e-01
5.679487179487179294e-01
5.101906640368178980e-01
6.971608832807570932e-01
5.955598455598455354e-01
6.600397614314115202e-01
5.156576200417536393e-01
5.265251989389920784e-01
4.958091553836234677e-01
6.558441558441558961e-01
6.238532110091743466e-01
5.556499575191163887e-01
4.972972972972973249e-01
5.303210463733650792e-01
6.997245179063360521e-01
6.632536973833902394e-01
6.469447138700290534e-01
5.892090741876149229e-01
5.523952095808383200e-01
5.019441498762813314e-01
7.421875000000000000e-01
6.387096774193548043e-01
5.805687203791469742e-01
7.287671232876712368e-01
6.425648021828103129e-01
5.858421480878762688e-01
5.016517225106181810e-01
4.643112062812276841e-01
4.523661270236612464e-01
4.531250000000000000e-01
8.080000000000000515e-01
5.263975155279503326e-01
5.084745762711864181e-01
4.984881209503239652e-01
8.000000000000000444e-01
8.063063063063062863e-01
6.671755725190839925e-01
5.779999999999999583e-01
4.603632170654367028e-01
5.535117056856186935e-01
5.217637083097795836e-01
6.330376940133037866e-01
5.827338129496403285e-01
6.138461538461538192e-01
5.762711864406779849e-01
4.700657894736842146e-01
6.871961102106969310e-01
4.645145976738666027e-01
7.392739273927392274e-01
6.383881230116649208e-01
6.193327630453379085e-01
5.837765957446808818e-01
5.184426229508196649e-01
4.744897959183673741e-01
4.730507587650444878e-01
4.503726951745782858e-01
5.987488829311885530e-01
5.266920877025739189e-01
7.657992565055762313e-01
5.956022944550669607e-01
5.287094940306992230e-01
5.226425146510388364e-01
5.167439464193714915e-01
5.149215983813859587e-01
4.903321764997520815e-01
5.585253456221198620e-01
5.509666080843584890e-01
5.554826001313197814e-01
5.061280072628234761e-01
5.654565456545654900e-01
4.506778868630201274e-01
4.362628661916072570e-01
5.787321063394682552e-01
5.571428571428571619e-01
4.980056980056979943e-01
4.741655235482395980e-01
4.625092798812175388e-01
7.162162162162162282e-01
5.899814471243042258e-01
5.811051693404634122e-01
5.565974547890154556e-01
5.121580547112462023e-01
4.970278920896205044e-01
6.734693877551020114e-01
6.418604651162790331e-01
6.622073578595317755e-01
6.450617283950617065e-01
5.791821561338289515e-01
5.937755937755937463e-01
5.338624338624338161e-01
8.655913978494623739e-01
5.018867924528301883e-01
4.960767218831734771e-01
4.883720930232557933e-01
4.793171372291529786e-01
4.681331077270163288e-01
4.541131716595340206e-01
4.470486111111111049e-01
4.290477954798073146e-01
6.631799163179916690e-01
5.196581196581196993e-01
5.052465897166841247e-01
4.829901521933750996e-01
4.611197511664074655e-01
4.963421496904895647e-01
4.862533692722372236e-01
5.483005366726296792e-01
5.800781250000000000e-01
5.425072046109510326e-01
6.108058608058608563e-01
5.308788598574821771e-01
5.818639798488665082e-01
4.723065250379362423e-01
6.018735362997658100e-01
5.799373040752351383e-01
5.247074122236671245e-01
5.985401459854015060e-01
5.897219882055602103e-01
5.771388499298737429e-01
5.620214395099540905e-01
5.453943008614976495e-01
4.618815896188158687e-01
6.673640167364016662e-01
6.215005599104143075e-01
5.340314136125654532e-01
5.102925243770314312e-01
4.948755490483162656e-01
5.894736842105262609e-01
5.634218289085545228e-01
5.347274085138162825e-01
5.050088391278727551e-01
5.008264462809917106e-01
4.758135444151275206e-01
6.374829001367988690e-01
5.446009389671361278e-01
5.207468879668050166e-01
4.893406048587010670e-01
4.863547758284600397e-01
6.212338593974174872e-01
6.083150984682713647e-01
5.511278195488721332e-01
5.383631713554987153e-01
4.967767929089443868e-01
7.757437070938214552e-01
7.241379310344827624e-01
6.771561771561771526e-01
7.313829787234042978e-01
6.288659793814432852e-01
5.821237585943468407e-01
5.848915482423335810e-01
5.189695550351287601e-01
5.891325071496663623e-01
5.453885257806826425e-01
6.989247311827957443e-01
5.947368421052631193e-01
6.076210092687950315e-01
4.860557768924302913e-01
5.246753246753246280e-01
7.073170731707316694e-01
5.572916666666666297e-01
5.999999999999999778e-01
5.781637717121588249e-01
4.951361867704280328e-01
4.707832573559884159e-01
4.575523704520396695e-01
6.481113320079522344e-01
5.700245700245700764e-01
7.905982905982905651e-01
5.076731646619659921e-01
6.262886597938144284e-01
5.201409869083585269e-01
7.467700258397932389e-01
6.039501039501039559e-01
5.605226960110041290e-01
6.630236794171220360e-01
5.839028094153378978e-01
7.020316027088036037e-01
5.238095238095238360e-01
4.772651842017922585e-01
6.886792452830188260e-01
6.176239181746656648e-01
5.304191077061739534e-01
5.674157303370787053e-01
5.663716814159291957e-01
4.938856015779092834e-01
7.806451612903225756e-01
6.605633802816901490e-01
6.414342629482071567e-01
5.634743875278396263e-01
4.855806703039750594e-01
7.435294117647058831e-01
6.200716845878135874e-01
5.690087829360099825e-01
5.500848896434634705e-01
5.461499235084140702e-01
5.337773549000951467e-01
5.282588878760254847e-01
5.155709342560553798e-01
5.112813963388675997e-01
5.039872408293460948e-01
8.439306358381503115e-01
7.641025641025640525e-01
6.276371308016878148e-01
6.132497761862131247e-01
5.051270619705751086e-01
7.848837209302325091e-01
7.430340557275542102e-01
5.925925925925925597e-01
5.501269035532995177e-01
4.936868686868686740e-01
6.471544715447153928e-01
6.314136125654450371e-01
6.159230096237969798e-01
4.905802562170308856e-01
7.192307692307692291e-01
5.850066934404283270e-01
5.831435079726651205e-01
5.736806031528444150e-01
6.414762741652021427e-01
6.111636707663197221e-01
5.759124087591240837e-01
6.126629422718807838e-01
6.094003241491086076e-01
5.512528473804100271e-01
5.192061459667093315e-01
5.104772991850989872e-01
4.958289885297184618e-01
4.863656683057666630e-01
5.315638450502152557e-01
5.182232346241457677e-01
8.299595141700404355e-01
6.690751445086705607e-01
6.227272727272726849e-01
5.272727272727272263e-01
9.130434782608695121e-01
7.086956521739130599e-01
6.979166666666666297e-01
6.039094650205761861e-01
8.305084745762711940e-01
5.349397590361445465e-01
6.666666666666666297e-01
6.199616122840690968e-01
5.330444203683640803e-01
9.222222222222222765e-01
6.141509433962264453e-01
5.303621169916434841e-01
7.370689655172413257e-01
6.074646074646075089e-01
4.214549938347718627e-01
6.171875000000000000e-01
5.236907730673316941e-01
4.699352451433857492e-01
7.683486238532110102e-01
5.841949778434268881e-01
5.099960799686397150e-01
7.083333333333333703e-01
5.995423340961097969e-01
5.492451473759885072e-01
4.183889772125066187e-01
6.122840690978886835e-01
4.863770250368188441e-01
7.101449275362319291e-01
6.608315098468271476e-01
6.147058823529412130e-01
5.916055962691538772e-01
7.256317689530685788e-01
6.284210526315789913e-01
5.809830781627719487e-01
4.899899899899899935e-01
4.826779026217228319e-01
6.048218029350105329e-01
4.853435848149927900e-01
4.692671394799054485e-01
5.580865603644646900e-01
5.191326530612244694e-01
5.081256771397616445e-01
4.431981593327581348e-01
7.216274089935760250e-01
4.866504854368932098e-01
6.420454545454545858e-01
5.839416058394160114e-01
5.454068241469816058e-01
5.150528885272579460e-01
4.613394653636102571e-01
6.042216358839049839e-01
5.287009063444109147e-01
4.888304862023652997e-01
4.845053635280095472e-01
4.660332541567696052e-01
9.499999999999999556e-01
8.010752688172042557e-01
5.573671497584541390e-01
5.581807442409922881e-01
6.440000000000000169e-01
5.839243498817966449e-01
5.631578947368420796e-01
5.369668246445498117e-01
5.365967365967365676e-01
8.260869565217391353e-01
6.109589041095890849e-01
5.983690112130478633e-01
5.513673318551367553e-01
5.466586393738711580e-01
5.071912013536379327e-01
5.015772870662460470e-01
5.036244390749050615e-01
5.676328502415458610e-01
5.692511597084162212e-01
5.007092198581559739e-01
4.971682847896440327e-01
4.935772674192292486e-01
4.846715328467153250e-01
4.526558891454965372e-01
4.329004329004328966e-01
4.339384770549672421e-01
7.118155619596542305e-01
4.916067146282973588e-01
4.919811320754716721e-01
6.941176470588235059e-01
6.053184044786563689e-01
5.541195476575121459e-01
5.218696397941681164e-01
5.037713378324731872e-01
5.005789270551910253e-01
8.252427184466019083e-01
7.711711711711711770e-01
7.074592074592074287e-01
6.250000000000000000e-01
5.715042372881355970e-01
6.414435389988358827e-01
5.884401114206128103e-01
5.501355013550135453e-01
5.350444225074038052e-01
6.943699731903485439e-01
6.545275590551180578e-01
6.255044390637610752e-01
5.904033379694019201e-01
5.601436265709156537e-01
5.198776758409785481e-01
4.964330675618967570e-01
8.361344537815126321e-01
8.150470219435737018e-01
6.285452881976212325e-01
5.755879059350503812e-01
5.462107208872458708e-01
5.635864592863677469e-01
5.208734746307001062e-01
4.739908447773616418e-01
4.589620905410379259e-01
6.085409252669039537e-01
5.542472666105970891e-01
5.099939430648091632e-01
4.825306893295561728e-01
5.704445835942392184e-01
4.522238163558106039e-01
4.426409903713892646e-01
6.725663716814159754e-01
5.780014378145219567e-01
5.748626373626373187e-01
5.607038123167155108e-01
5.562535693889205657e-01
5.488141202426917165e-01
5.124735729386892258e-01
4.894498869630746207e-01
4.811056682995101252e-01
4.665841584158416100e-01
5.997920997920997976e-01
5.642540620384047800e-01
5.525956284153005216e-01
5.240963855421686413e-01
5.058661145617667776e-01
4.886363636363636465e-01
4.565130260521041983e-01
6.149674620390455093e-01
5.308002302820955531e-01
5.035035035035034801e-01
4.978059483178937095e-01
4.496124031007752153e-01
4.273237679351216678e-01
6.260683760683760646e-01
5.321888412017167225e-01
4.714229404808829571e-01
6.214405360134003242e-01
6.150627615062761455e-01
5.717255717255717018e-01
5.613249776186213236e-01
5.472756410256410797e-01
5.108827085852478689e-01
4.782183064121390270e-01
4.733447979363714642e-01
6.884057971014492239e-01
6.314984709480122582e-01
6.259946949602122057e-01
5.806451612903226200e-01
5.463510848126232888e-01
5.210355987055016458e-01
5.142305836951278630e-01
6.564156945917285491e-01
5.557951482479784877e-01
5.444392740809679276e-01
5.063339731285988465e-01
5.030257186081694698e-01
6.356050069541029357e-01
5.273522975929978429e-01
5.169916434540390293e-01
4.684055841293166544e-01
5.670731707317072656e-01
4.565376186997808783e-01
6.921850079744816808e-01
5.885093167701863637e-01
6.062176165803109251e-01
5.774946921443736558e-01
4.937611408199643614e-01
4.745843230403800628e-01
4.555647840531561465e-01
5.258007117437721867e-01
4.945193929173692937e-01
4.898605830164765584e-01
4.897959183673469274e-01
4.694501018329939046e-01
4.541098415038702374e-01
6.387337057728119660e-01
5.477510782501540110e-01
5.079726651480638289e-01
7.931034482758620996e-01
6.341689879294336585e-01
6.306620209059233817e-01
6.037329504666187896e-01
5.928667563930013484e-01
5.753753753753754197e-01
5.450191570881226522e-01
6.073752711496746004e-01
5.621069182389937247e-01
4.663173652694611038e-01
4.620877252635158250e-01
5.588235294117647189e-01
5.105527638190954232e-01
4.711144241520685561e-01
4.660649819494585011e-01
8.324022346368714631e-01
5.708435708435708467e-01
4.808768656716417844e-01
4.599844599844599702e-01
5.294530154277700129e-01
6.360078277886497267e-01
5.570216776625824817e-01
4.856194690265486780e-01
4.818428184281842719e-01
4.509886411442995402e-01
4.501960784313725483e-01
6.677115987460815472e-01
5.435401252134319794e-01
4.664377146425226495e-01
4.405708937763219701e-01
6.284153005464481190e-01
5.675902602854744350e-01
5.527994330262225864e-01
5.418373317729666683e-01
6.124837451235370933e-01
5.368589743589743390e-01
5.250737463126843307e-01
4.916201117318435565e-01
4.744690465431540827e-01
4.723198594024604624e-01
4.387056627255755958e-01
6.942800788954635038e-01
6.009803921568627194e-01
5.813771517996869642e-01
4.387079692877945414e-01
4.390942217595002472e-01
7.804878048780488076e-01
7.757847533632287185e-01
4.639335755059678101e-01
4.597180261832830017e-01
4.558751828376401694e-01
8.191881918819188257e-01
6.522167487684729092e-01
5.849315068493150527e-01
5.617855198693522123e-01
5.401220084467386329e-01
8.009049773755656521e-01
6.406779661016949179e-01
6.128318584070796549e-01
6.095100864553314457e-01
5.528497409326424972e-01
5.237901586010573762e-01
4.991762767710049564e-01
8.058823529411764941e-01
6.886597938144329856e-01
6.606334841628959120e-01
6.417177914110429038e-01
6.318681318681318437e-01
6.024748646558391041e-01
5.803461063040791235e-01
5.788508557457212600e-01
5.771324863883847689e-01
5.723830734966592892e-01
5.505995203836930862e-01
5.403587443946188396e-01
5.009823182711198308e-01
9.000000000000000222e-01
6.937499999999999778e-01
6.778846153846154188e-01
6.192052980132450868e-01
6.043795620437956151e-01
5.928571428571428603e-01
5.955801104972375803e-01
5.812897366030881363e-01
5.734824281150159297e-01
5.694336695112490743e-01
5.674846625766871711e-01
5.501930501930502038e-01
5.496231155778894539e-01
5.131340579710145233e-01
4.918940292605772924e-01
7.597402597402597157e-01
5.544611819235225614e-01
6.304347826086956763e-01
6.068580542264753186e-01
5.678214914856136719e-01
5.528044466902476417e-01
5.447193149381541755e-01
5.172131147540983687e-01
5.145748987854250611e-01
5.094562647754137252e-01
4.924190213645761593e-01
4.876441515650741243e-01
6.451612903225806273e-01
5.880560633759902567e-01
5.218062524121960255e-01
6.157595450852965113e-01
5.598885793871866134e-01
5.217013888888888395e-01
7.661870503597122406e-01
6.540000000000000258e-01
6.409090909090908728e-01
6.266149870801033250e-01
5.437760571768910367e-01
5.144252108300044757e-01
5.076271186440678429e-01
7.697594501718213467e-01
6.497948016415868722e-01
5.266055045871559370e-01
5.172596919808816196e-01
5.156903765690377117e-01
4.892172523961661468e-01
7.057010785824344712e-01
5.580702799285288673e-01
5.327313769751692574e-01
5.173489278752436693e-01
4.818840579710144678e-01
7.249999999999999778e-01
5.317398119122257460e-01
6.842105263157894912e-01
5.422503389064617929e-01
5.186028853454821563e-01
4.746925936517014666e-01
8.218390804597701660e-01
7.739463601532566850e-01
6.879562043795620641e-01
6.670854271356784215e-01
5.600961538461538547e-01
5.470228158041179345e-01
5.155573060259944773e-01
6.193771626297578381e-01
5.258198266113833785e-01
7.450980392156862919e-01
5.403337969401946772e-01
4.975728155339805836e-01
5.730337078651684957e-01
5.076314301865461065e-01
4.978284473398479903e-01
4.864864864864865135e-01
5.173527037933817185e-01
4.344978165938864767e-01
4.387712743877127397e-01
8.205128205128204844e-01
7.560321715817693855e-01
5.476984656437624555e-01
6.842105263157894912e-01
6.763005780346821316e-01
5.359281437125748004e-01
5.083406496927128648e-01
4.750527055516514663e-01
5.761904761904761418e-01
5.299446401610468094e-01
5.183246073298429790e-01
4.546766743648960607e-01
4.492553778268064124e-01
6.908396946564885344e-01
5.891089108910890770e-01
5.951107715813598320e-01
4.984496124031007613e-01
8.153153153153153143e-01
6.636363636363636909e-01
6.363636363636363535e-01
5.422794117647058432e-01
5.398487492728329951e-01
5.056331680937359296e-01
4.854552323384964119e-01
6.726804123711340733e-01
6.305970149253731227e-01
6.206896551724138122e-01
6.068003487358326620e-01
5.860465116279069964e-01
5.031055900621117516e-01
4.877551020408163462e-01
7.992125984251968740e-01
7.443365695792880654e-01
5.319148936170212671e-01
9.687500000000000000e-01
8.427672955974843116e-01
6.772428884026258089e-01
6.418563922942206457e-01
5.861601085481682460e-01
5.788161993769470604e-01
5.549193128578865375e-01
7.582417582417582125e-01
6.644407345575960022e-01
5.943474646716542242e-01
5.835156819839533160e-01
7.165775401069518491e-01
6.793145654834761293e-01
6.808743169398907558e-01
5.988181221273801702e-01
5.901937046004842591e-01
5.685745140388769325e-01
6.746987951807228434e-01
6.694648478488982590e-01
5.754276827371694880e-01
7.574626865671642006e-01
7.641025641025640525e-01
6.858407079646017257e-01
6.826029216467462968e-01
6.492307692307692779e-01
6.376101860920666553e-01
6.187175043327556301e-01
5.910064239828693999e-01
6.778711484593837877e-01
6.315307057745187524e-01
5.051389417586600317e-01
6.025236593059937196e-01
5.957607872823618145e-01
4.822353811991117456e-01
7.884615384615384359e-01
7.729257641921397637e-01
4.990548204158790080e-01
4.706094482509917132e-01
6.037151702786377472e-01
5.488721804511278446e-01
5.112285336856010609e-01
6.528599605522682481e-01
5.010373443983402453e-01
6.486486486486486847e-01
5.824508320726172750e-01
5.118196811434854165e-01
5.017391304347825765e-01
4.756644804970659446e-01
4.751869476546566884e-01
7.712765957446808818e-01
5.296934865900383427e-01
5.076513639387890686e-01
4.749568221070811780e-01
4.509730538922155918e-01
4.476393326233581993e-01
4.471658502449264994e-01
5.816917728852838421e-01
5.067961165048543437e-01
4.328170782754290347e-01
4.213217938630999249e-01
3.842046093310848565e-01
6.269982238010657349e-01
6.031957390146471809e-01
5.679513184584178420e-01
5.542704626334519213e-01
4.830166954519286016e-01
7.026315789473683848e-01
6.766467065868263520e-01
4.895604395604395420e-01
6.467661691542289093e-01
5.292061907139291588e-01
7.908496732026143450e-01
5.711695376246600508e-01
6.961130742049469466e-01
5.832012678288430729e-01
5.679012345679012030e-01
5.205047318611987217e-01
5.023201856148491462e-01
5.018587360594795044e-01
8.299999999999999600e-01
7.464788732394366244e-01
4.787033546928006200e-01
6.295116772823778906e-01
6.224188790560472029e-01
6.124176857949200636e-01
5.898379970544919138e-01
4.578254509995124399e-01
7.104316546762590168e-01
6.872180451127819500e-01
5.273003033367037462e-01
5.234336457819437349e-01
4.890670553935860254e-01
4.556313993174061494e-01
6.524701873935263574e-01
5.752279635258358281e-01
5.212882096069868521e-01
5.028646981048919828e-01
6.323119777158774379e-01
5.043804755944931717e-01
4.629399585921324944e-01
5.946248600223964509e-01
