17.942
20.486
17.487
19.306
18.117
17.651
17.958
19.197
20.347
19.768
22.128
19.509
16.965
20.019
20.143
20.633
21.000
22.556
18.904
20.522
19.974
18.839
24.273
19.485
17.181
23.540
20.651
17.762
21.241
22.540
18.208
20.270
19.722
17.673
22.367
19.969
21.072
18.567
18.689
20.629
20.214
23.696
19.450
24.425
23.017
16.110
16.639
18.853
19.628
20.018
21.674
18.555
18.557
19.598
19.959
20.558
22.117
21.243
16.499
21.395
21.623
21.273
22.620
20.654
18.654
19.701
15.102
20.947
20.234
18.818
18.691
17.839
19.905
20.759
19.339
19.000
19.928
19.650
18.085
22.585
20.882
22.562
19.005
17.763
21.615
20.082
18.488
19.822
15.982
22.168
18.038
18.623
22.679
18.182
19.174
18.988
23.239
20.162
17.838
17.751
23.471
23.875
23.270
17.488
19.573
19.602
20.615
18.855
18.045
19.106
