86.446
81.853
72.082
90.717
82.316
91.831
89.104
74.527
69.665
79.417
77.355
73.251
83.982
91.908
75.628
73.226
78.029
85.304
73.166
70.389
79.041
79.478
83.882
75.236
78.803
76.522
79.365
92.281
75.148
69.221
83.755
72.771
80.287
74.980
84.283
84.423
78.370
63.565
81.060
92.744
88.147
67.357
79.371
74.547
71.804
70.125
82.310
76.566
80.446
77.057
76.280
82.968
85.826
96.897
69.142
71.819
88.303
76.882
68.950
82.524
92.426
85.663
95.659
84.036
94.916
77.282
70.882
78.311
89.522
71.070
85.082
75.189
84.409
71.201
80.688
63.963
76.055
83.696
77.432
89.892
74.950
61.398
70.147
88.445
79.094
83.034
87.554
63.037
74.843
24.366
21.855
28.543
42.168
29.692
39.820
24.430
30.060
23.737
34.696
27.990
33.841
35.345
29.373
37.113
48.474
34.197
29.906
37.305
30.448
21.143
33.884
29.960
27.790
40.212
44.907
25.820
30.827
23.539
35.444
11.083
37.921
31.751
32.093
39.708
27.803
28.935
19.836
16.691
24.372
32.247
25.670
19.332
38.581
24.303
29.910
29.993
28.005
33.173
27.888
16.688
