65.374
51.401
31.372
45.458
43.479
51.033
47.794
47.210
42.663
49.355
35.560
56.123
36.765
43.384
48.539
52.481
49.234
67.382
66.220
56.264
50.918
41.924
45.387
35.940
46.255
45.291
67.513
57.532
50.650
47.072
50.828
57.662
72.368
53.269
58.633
56.794
55.548
60.016
62.594
50.442
46.859
52.267
59.967
62.159
44.573
59.122
48.279
46.640
55.415
59.321
44.297
35.014
49.497
55.530
50.835
65.775
46.692
57.952
42.152
37.369
56.667
36.074
36.994
43.950
35.114
55.585
47.226
37.063
41.116
20.404
47.851
-22.438
29.170
8.258
59.889
67.956
54.415
46.957
-29.049
50.842
23.711
42.036
40.173
15.253
67.402
57.193
39.473
76.763
97.349
16.755
49.222
16.681
72.525
65.005
34.482
33.224
27.399
77.774
42.544
45.505
12.248
59.379
130.708
58.691
7.316
57.404
6.927
54.457
-0.792
71.576
84.253
96.558
91.509
27.257
63.280
77.333
17.777
56.053
72.886
11.354
