11.882
81.127
49.747
70.979
104.571
69.282
18.517
80.080
43.324
17.351
133.763
53.206
12.508
75.430
117.281
73.745
81.606
54.210
43.657
84.836
42.210
53.019
28.935
22.581
39.264
2.466
59.943
54.098
48.360
-39.903
29.569
59.970
64.768
57.168
48.509
-14.132
63.575
44.755
69.408
73.950
46.559
63.012
36.594
37.102
34.705
11.865
59.343
99.410
26.859
29.939
78.915
51.580
111.651
-18.042
8.650
19.452
137.057
67.264
32.249
50.450
45.265
64.668
50.274
62.269
60.535
46.531
48.295
51.919
38.009
46.421
48.658
34.651
64.063
33.024
39.339
32.457
65.982
39.794
24.113
62.198
71.628
60.084
52.080
37.107
38.716
68.444
67.261
40.880
62.092
53.257
44.398
37.520
54.303
22.717
26.404
80.235
48.920
89.434
46.350
52.599
63.848
47.322
42.174
71.479
36.948
62.113
42.340
61.153
62.718
37.551
57.995
65.493
34.220
55.432
49.448
31.585
45.874
47.593
33.746
20.687
