3.218320610687022687e-01
3.335540254237288060e-01
2.894329326745815334e-01
3.453603391427225722e-01
3.243269894487723071e-01
3.216144644324719359e-01
2.991115498519249516e-01
3.302841809976826415e-01
3.273753527751646075e-01
3.373033707865168429e-01
3.238037917544387412e-01
3.503994190268699960e-01
3.116771831424787753e-01
3.414532583801790366e-01
3.451912082327531217e-01
2.961689999161706832e-01
3.006154331702698412e-01
2.946845354615268975e-01
3.125292557341238786e-01
3.207820419985517590e-01
2.905333535936787670e-01
2.844929945381144409e-01
2.904374364191251168e-01
3.102593440122043966e-01
2.851431834869870285e-01
2.845021874585708654e-01
3.299655200064148808e-01
3.142298670836591312e-01
3.146608014296515266e-01
3.053809270111880747e-01
3.010904235590831646e-01
3.716646989374262078e-01
3.106448727331869719e-01
2.794516303926883882e-01
3.412844036697247896e-01
2.969760365157854687e-01
3.207441860465116146e-01
